r1: 0.00997925R
r2: 0.0100403R
r3: 1.75834e-06R
